
#################################################
0.000000
1.000000
-175.000000
30.000000
-3000.000000

#################################################
0.005000
0.995000
277.000000
30.000000
-2983.615000

#################################################
0.010000
0.990000
277.000000
30.000000
-2967.230000

#################################################
0.015000
0.985000
277.000000
30.000000
-2950.845000

#################################################
0.020000
0.980000
277.000000
30.000000
-2934.460000

#################################################
0.025000
0.975000
277.000000
30.000000
-2918.075000

#################################################
0.030000
0.970000
277.000000
30.000000
-2901.690000

#################################################
0.035000
0.965000
277.000000
30.000000
-2885.305000

#################################################
0.040000
0.960000
277.000000
30.000000
-2868.920000

#################################################
0.045000
0.955000
278.000000
30.000000
-2852.490000

#################################################
0.050000
0.950000
278.000000
30.000000
-2836.100000

#################################################
0.055000
0.945000
278.000000
30.000000
-2819.710000

#################################################
0.060000
0.940000
278.000000
30.000000
-2803.320000

#################################################
0.065000
0.935000
278.000000
30.000000
-2786.930000

#################################################
0.070000
0.930000
278.000000
30.000000
-2770.540000

#################################################
0.075000
0.925000
278.000000
30.000000
-2754.150000

#################################################
0.080000
0.920000
278.000000
30.000000
-2737.760000

#################################################
0.085000
0.915000
278.000000
30.000000
-2721.370000

#################################################
0.090000
0.910000
278.000000
30.000000
-2704.980000

#################################################
0.095000
0.905000
278.000000
30.000000
-2688.590000

#################################################
0.100000
0.900000
278.000000
30.000000
-2672.200000

#################################################
0.105000
0.895000
278.000000
30.000000
-2655.810000

#################################################
0.110000
0.890000
278.000000
30.000000
-2639.420000

#################################################
0.115000
0.885000
278.000000
30.000000
-2623.030000

#################################################
0.120000
0.880000
278.000000
30.000000
-2606.640000

#################################################
0.125000
0.875000
278.000000
30.000000
-2590.250000

#################################################
0.130000
0.870000
278.000000
30.000000
-2573.860000

#################################################
0.135000
0.865000
278.000000
30.000000
-2557.470000

#################################################
0.140000
0.860000
278.000000
30.000000
-2541.080000

#################################################
0.145000
0.855000
278.000000
30.000000
-2524.690000

#################################################
0.150000
0.850000
278.000000
30.000000
-2508.300000

#################################################
0.155000
0.845000
278.000000
30.000000
-2491.910000

#################################################
0.160000
0.840000
278.000000
30.000000
-2475.520000

#################################################
0.165000
0.835000
278.000000
30.000000
-2459.130000

#################################################
0.170000
0.830000
278.000000
30.000000
-2442.740000

#################################################
0.175000
0.825000
278.000000
30.000000
-2426.350000

#################################################
0.180000
0.820000
278.000000
30.000000
-2409.960000

#################################################
0.185000
0.815000
278.000000
30.000000
-2393.570000

#################################################
0.190000
0.810000
278.000000
30.000000
-2377.180000

#################################################
0.195000
0.805000
278.000000
30.000000
-2360.790000

#################################################
0.200000
0.800000
278.000000
30.000000
-2344.400000

#################################################
0.205000
0.795000
278.000000
30.000000
-2328.010000

#################################################
0.210000
0.790000
278.000000
30.000000
-2311.620000

#################################################
0.215000
0.785000
278.000000
30.000000
-2295.230000

#################################################
0.220000
0.780000
278.000000
30.000000
-2278.840000

#################################################
0.225000
0.775000
278.000000
30.000000
-2262.450000

#################################################
0.230000
0.770000
278.000000
30.000000
-2246.060000

#################################################
0.235000
0.765000
278.000000
30.000000
-2229.670000

#################################################
0.240000
0.760000
278.000000
30.000000
-2213.280000

#################################################
0.245000
0.755000
278.000000
30.000000
-2196.890000

#################################################
0.250000
0.750000
278.000000
30.000000
-2180.500000

#################################################
0.255000
0.745000
278.000000
30.000000
-2164.110000

#################################################
0.260000
0.740000
278.000000
30.000000
-2147.720000

#################################################
0.265000
0.735000
278.000000
30.000000
-2131.330000

#################################################
0.270000
0.730000
278.000000
30.000000
-2114.940000

#################################################
0.275000
0.725000
278.000000
30.000000
-2098.550000

#################################################
0.280000
0.720000
278.000000
30.000000
-2082.160000

#################################################
0.285000
0.715000
278.000000
30.000000
-2065.770000

#################################################
0.290000
0.710000
278.000000
30.000000
-2049.380000

#################################################
0.295000
0.705000
278.000000
30.000000
-2032.990000

#################################################
0.300000
0.700000
278.000000
30.000000
-2016.600000

#################################################
0.305000
0.695000
278.000000
30.000000
-2000.210000

#################################################
0.310000
0.690000
278.000000
30.000000
-1983.820000

#################################################
0.315000
0.685000
278.000000
30.000000
-1967.430000

#################################################
0.320000
0.680000
278.000000
30.000000
-1951.040000

#################################################
0.325000
0.675000
306.000000
30.133333
-1934.550000

#################################################
0.330000
0.670000
306.000000
30.133333
-1917.953333

#################################################
0.335000
0.665000
1907.000000
38.150000
-1898.130000

#################################################
0.340000
0.660000
2648.000000
41.900000
-1865.080000

#################################################
0.345000
0.655000
2806.000000
42.725000
-1830.417500

#################################################
0.350000
0.650000
2806.000000
42.725000
-1795.025000

#################################################
0.355000
0.645000
2994.000000
43.750000
-1759.005000

#################################################
0.360000
0.640000
16839.000000
121.100000
-1688.360000

#################################################
0.365000
0.635000
16926.500000
121.600000
-1543.427500

#################################################
0.370000
0.630000
18373.000000
130.050000
-1395.140000

#################################################
0.375000
0.625000
22911.500000
156.960000
-1218.187500

#################################################
0.380000
0.620000
23375.000000
159.750000
-1022.000000

#################################################
0.385000
0.615000
23375.000000
159.750000
-825.250000

#################################################
0.390000
0.610000
23375.000000
159.750000
-628.500000

#################################################
0.395000
0.605000
23576.500000
161.050000
-430.807500

#################################################
0.400000
0.600000
23576.500000
161.050000
-232.400000

#################################################
0.405000
0.595000
23680.500000
161.750000
-33.522500

#################################################
0.410000
0.590000
26252.500000
179.550000
170.075000

#################################################
0.415000
0.585000
27754.000000
190.000000
402.910000

#################################################
0.420000
0.580000
27754.000000
190.000000
636.680000

#################################################
0.425000
0.575000
27754.000000
190.000000
870.450000

#################################################
0.430000
0.570000
27754.000000
190.000000
1104.220000

#################################################
0.435000
0.565000
27754.000000
190.000000
1337.990000

#################################################
0.440000
0.560000
27754.000000
190.000000
1571.760000

#################################################
0.445000
0.555000
27766.500000
190.100000
1805.542500

#################################################
0.450000
0.550000
27787.000000
190.266667
2039.483333

#################################################
0.455000
0.545000
27797.000000
190.350000
2273.560000

#################################################
0.460000
0.540000
27797.000000
190.350000
2507.720000

#################################################
0.465000
0.535000
27846.000000
190.770000
2742.195000

#################################################
0.470000
0.530000
27909.500000
191.325000
2977.240000

#################################################
0.475000
0.525000
28039.500000
192.480000
3213.562500

#################################################
0.480000
0.520000
28304.000000
194.883333
3451.986667

#################################################
0.485000
0.515000
28335.500000
195.175000
3691.205000

#################################################
0.490000
0.510000
28728.500000
198.900000
3933.065000

#################################################
0.495000
0.505000
31266.500000
223.425000
4193.955000

#################################################
0.500000
0.500000
31702.000000
227.725000
4464.750000

#################################################
0.505000
0.495000
31702.000000
227.725000
4737.122500

#################################################
0.510000
0.490000
31726.500000
227.975000
5009.740000

#################################################
0.515000
0.485000
31860.500000
229.375000
5283.470000

#################################################
0.520000
0.480000
32081.000000
231.750000
5558.120000

#################################################
0.525000
0.475000
43965.000000
362.375000
5868.812500

#################################################
0.530000
0.470000
43965.000000
362.375000
6269.825000

#################################################
0.535000
0.465000
44375.000000
367.000000
6675.125000

#################################################
0.540000
0.460000
44375.000000
367.000000
7080.500000

#################################################
0.545000
0.455000
44375.000000
367.000000
7485.875000

#################################################
0.550000
0.450000
44375.000000
367.000000
7891.250000

#################################################
0.555000
0.445000
44375.000000
367.000000
8296.625000

#################################################
0.560000
0.440000
44375.000000
367.000000
8702.000000

#################################################
0.565000
0.435000
44375.000000
367.000000
9107.375000

#################################################
0.570000
0.430000
44375.000000
367.000000
9512.750000

#################################################
0.575000
0.425000
44375.000000
367.000000
9918.125000

#################################################
0.580000
0.420000
44375.000000
367.000000
10323.500000

#################################################
0.585000
0.415000
44375.000000
367.000000
10728.875000

#################################################
0.590000
0.410000
44375.000000
367.000000
11134.250000

#################################################
0.595000
0.405000
44375.000000
367.000000
11539.625000

#################################################
0.600000
0.400000
44375.000000
367.000000
11945.000000

#################################################
0.605000
0.395000
44375.000000
367.000000
12350.375000

#################################################
0.610000
0.390000
44375.000000
367.000000
12755.750000

#################################################
0.615000
0.385000
44375.000000
367.000000
13161.125000

#################################################
0.620000
0.380000
44375.000000
367.000000
13566.500000

#################################################
0.625000
0.375000
44375.000000
367.000000
13971.875000

#################################################
0.630000
0.370000
44375.000000
367.000000
14377.250000

#################################################
0.635000
0.365000
44375.000000
367.000000
14782.625000

#################################################
0.640000
0.360000
44375.000000
367.000000
15188.000000

#################################################
0.645000
0.355000
44375.000000
367.000000
15593.375000

#################################################
0.650000
0.350000
44375.000000
367.000000
15998.750000

#################################################
0.655000
0.345000
44375.000000
367.000000
16404.125000

#################################################
0.660000
0.340000
44375.000000
367.000000
16809.500000

#################################################
0.665000
0.335000
44375.000000
367.000000
17214.875000

#################################################
0.670000
0.330000
45125.000000
382.000000
17627.750000

#################################################
0.675000
0.325000
46212.500000
404.500000
18047.187500

#################################################
0.680000
0.320000
46212.500000
404.500000
18480.500000

#################################################
0.685000
0.315000
46422.500000
409.000000
18915.912500

#################################################
0.690000
0.310000
47223.500000
426.600000
19359.615000

#################################################
0.695000
0.305000
47223.500000
426.600000
19809.032500

#################################################
0.700000
0.300000
48311.000000
451.600000
20269.700000

#################################################
0.705000
0.295000
49013.000000
468.300000
20739.315000

#################################################
0.710000
0.290000
49013.000000
468.300000
21218.530000

#################################################
0.715000
0.285000
49013.000000
468.300000
21697.745000

#################################################
0.720000
0.280000
49013.000000
468.300000
22176.960000

#################################################
0.725000
0.275000
49013.000000
468.300000
22656.175000

#################################################
0.730000
0.270000
49013.000000
468.300000
23135.390000

#################################################
0.735000
0.265000
49013.000000
468.300000
23614.605000

#################################################
0.740000
0.260000
49221.000000
474.100000
24096.940000

#################################################
0.745000
0.255000
58425.000000
742.500000
24592.875000

#################################################
0.750000
0.250000
58425.000000
742.500000
25256.250000

#################################################
0.755000
0.245000
58425.000000
742.500000
25919.625000

#################################################
0.760000
0.240000
58425.000000
742.500000
26583.000000

#################################################
0.765000
0.235000
58425.000000
742.500000
27246.375000

#################################################
0.770000
0.230000
58425.000000
742.500000
27909.750000

#################################################
0.775000
0.225000
58425.000000
742.500000
28573.125000

#################################################
0.780000
0.220000
58425.000000
742.500000
29236.500000

#################################################
0.785000
0.215000
58425.000000
742.500000
29899.875000

#################################################
0.790000
0.210000
58425.000000
742.500000
30563.250000

#################################################
0.795000
0.205000
58425.000000
742.500000
31226.625000

#################################################
0.800000
0.200000
58425.000000
742.500000
31890.000000

#################################################
0.805000
0.195000
58425.000000
742.500000
32553.375000

#################################################
0.810000
0.190000
59475.000000
786.250000
33236.000000

#################################################
0.815000
0.185000
59475.000000
786.250000
33926.500000

#################################################
0.820000
0.180000
59475.000000
786.250000
34617.000000

#################################################
0.825000
0.175000
59475.000000
786.250000
35307.500000

#################################################
0.830000
0.170000
59475.000000
786.250000
35998.000000

#################################################
0.835000
0.165000
59475.000000
786.250000
36688.500000

#################################################
0.840000
0.160000
59475.000000
786.250000
37379.000000

#################################################
0.845000
0.155000
59475.000000
786.250000
38069.500000

#################################################
0.850000
0.150000
59475.000000
786.250000
38760.000000

#################################################
0.855000
0.145000
59475.000000
786.250000
39450.500000

#################################################
0.860000
0.140000
59475.000000
786.250000
40141.000000

#################################################
0.865000
0.135000
59475.000000
786.250000
40831.500000

#################################################
0.870000
0.130000
59475.000000
786.250000
41522.000000

#################################################
0.875000
0.125000
59475.000000
786.250000
42212.500000

#################################################
0.880000
0.120000
59475.000000
786.250000
42903.000000

#################################################
0.885000
0.115000
59475.000000
786.250000
43593.500000

#################################################
0.890000
0.110000
59475.000000
786.250000
44284.000000

#################################################
0.895000
0.105000
59475.000000
786.250000
44974.500000

#################################################
0.900000
0.100000
59475.000000
786.250000
45665.000000

#################################################
0.905000
0.095000
59475.000000
786.250000
46355.500000

#################################################
0.910000
0.090000
59475.000000
786.250000
47046.000000

#################################################
0.915000
0.085000
59475.000000
786.250000
47736.500000

#################################################
0.920000
0.080000
59475.000000
786.250000
48427.000000

#################################################
0.925000
0.075000
59475.000000
786.250000
49117.500000

#################################################
0.930000
0.070000
59475.000000
786.250000
49808.000000

#################################################
0.935000
0.065000
59475.000000
786.250000
50498.500000

#################################################
0.940000
0.060000
59475.000000
786.250000
51189.000000

#################################################
0.945000
0.055000
59475.000000
786.250000
51879.500000

#################################################
0.950000
0.050000
59475.000000
786.250000
52570.000000

#################################################
0.955000
0.045000
59475.000000
786.250000
53260.500000

#################################################
0.960000
0.040000
59475.000000
786.250000
53951.000000

#################################################
0.965000
0.035000
59475.000000
786.250000
54641.500000

#################################################
0.970000
0.030000
59475.000000
786.250000
55332.000000

#################################################
0.975000
0.025000
59475.000000
786.250000
56022.500000

#################################################
0.980000
0.020000
59475.000000
786.250000
56713.000000

#################################################
0.985000
0.015000
59475.000000
786.250000
57403.500000

#################################################
0.990000
0.010000
59475.000000
786.250000
58094.000000

#################################################
0.995000
0.005000
59475.000000
786.250000
58784.500000

#################################################
1.000000
0.000000
59475.000000
786.250000
59475.000000
